922.318665 0.645726 -22.974283
897.211060 4.092459 -49.590288
869.158203 8.894067 -66.374496
850.000000 13.901533 -68.491310
804.319031 31.017872 -68.497755
767.512085 47.595772 -71.910961
727.801392 72.468737 -69.335790
700.000000 101.097270 -51.096262
639.699646 176.111368 7.256959
591.887756 230.647108 48.140163
545.604187 278.267171 86.670487
500.000000 313.703752 117.177421
466.734528 338.272738 138.818119
433.255249 364.683953 164.080698
402.936707 385.906111 184.629392
375.683594 404.167853 201.796185
351.157227 420.249379 215.003667
329.061401 433.743890 225.790626
309.208344 443.686476 234.799858
291.350922 450.030925 240.647935
274.758667 451.748789 241.951630
259.773193 447.666988 237.500522
246.051407 437.332298 226.836711
232.331772 418.652848 207.834683
218.611008 389.545070 178.412531
204.890778 347.073506 135.633430
191.171188 289.592427 77.844776
177.452042 214.351641 2.310522
163.732391 116.012897 -96.315456
150.014114 -13.568306 -226.157471
