127
134
137
154
158
163
166
168
170
173
175
176
178
180
181
182
183
184
186
187
188
189
190
191
192
193
194
195
196
197
198
199
200
201
202
203
204
205
206
207
208
209
210
211
212
213
214
215
216
217
218
219
220
221
222
223
224
225
226
228
229
230
231
232
233
234
235
236
237
238
239
240
241
242
243
244
245
246
247
248
249
250
251
252
253
254
255
256
257
258
259
260
261
262
263
264
265
266
267
268
270
272
273
274
275
276
277
278
279
280
281
282
283
284
285
286
287
288
289
290
292
293
294
295
296
297
298
300
301
302
303
304
305
306
307
308
309
310
311
312
313
314
315
316
317
318
319
320
321
322
323
324
325
326
327
328
329
330
331
332
333
334
335
336
337
338
339
340
341
342
343
344
345
346
347
348
349
350
351
352
353
354
355
356
357
358
359
360
361
362
363
364
365
366
367
368
369
370
371
372
373
374
375
376
377
378
379
380
381
382
383
384
385
386
387
388
389
390
391
392
393
394
395
396
397
398
399
400
401
402
403
404
405
406
407
408
409
410
411
412
413
414
415
416
417
418
419
420
423
424
426
427
430
431
432
433
438
439
440
442
444
445
451
453
454
455
456
457
458
459
460
461
462
463
464
465
466
467
468
469
470
471
472
473
474
475
476
477
478
479
480
481
482
483
484
485
486
487
488
489
490
491
492
493
494
495
496
497
498
500
501
504
505
506
507
508
509
510
511
512
513
514
515
516
517
518
519
520
521
522
523
524
525
526
527
528
529
530
531
532
533
534
535
536
537
539
541
543
545
546
550
630
671
672
673
674
675
676
677
678
679
681
682
683
684
685
686
687
688
689
691
692
693
694
695
696
697
698
699
701
702
703
704
705
706
707
708
709
987
989
991
993
995
997
999
1001
1003
1007
1009
1011
1015
1017
1021
1025
1027
1035
1037
1043
1045
1047
1049
1051
1055
1061
1063
1065
1067
1069
1071
1077
1079
1083
1091
1093
1095
1105
1107
1109
1111
1113
1115
1117
1119
1121
1123
1125
1127
1129
1131
1135
1137
1139
1141
1147
1155
1157
1159
1161
1163
1169
1171
1173
1177
1179
1181
1183
1185
1191
1193
1195
1197
1199
1201
1203
1205
1207
1209
1211
1213
1215
1217
1219
1221
1223
1225
1227
1229
1231
1233
1235
1237
1241
1243
1247
1249
1251
1253
1255
1257
1259
1261
1263
1265
1267
1273
1275
1279
1283
1287
1289
1291
1293
1295
1297
1299
1301
1303
1323
1325
1329
1331
1333
1335
1337
1339
1341
1343
1345
1347
1349
1351
1353
1355
1357
1359
1361
1363
1365
1367
1369
1371
1373
1377
1379
1381
1383
1385
1387
1389
1391
1393
1401
1403
1405
1407
1409
1417
1419
1423
1425
1427
1429
1431
1435
1439
1447
1449
1451
1453
1455
1457
1459
1461
1463
1467
1469
1471
1475
1477
1481
1483
1485
1489
1491
1493
1495
1497
1499
1501
1505
1507
1509
1511
1513
1515
1519
1521
1529
1531
1535
1543
1549
1555
1557
1563
1565
1569
